00100011001010000001001111010010
00100011001010000001001111010001
00100011001010000001001111010000
00100011001010000001001111001111
00100011001010000001001111001110
01100011100011111000000010100101
01100011100011111000000010100100
01100011100011111000000010100011
01100011100011111000000010100010
01100011100011111000000010100001
01100011110101011110011101000000
01100011110101011110011100111111
01100011110101011110011100111110
01100011110101011110011100111101
01100011110101011110011100111100
11100011011001110101011000001011
11100011011001110101011000001010
11100011011001110101011000001001
11100011011001110101011000001000
11100011011001110101011000000111
01101000011010001010001111101101
01101000011010001010001111101100
01101000011010001010001111101011
01101000011010001010001111101010
01101000011010001010001111101001
10000000100001010011011100111001
10000000100001010011011100111000
10000000100001010011011100110111
10000000100001010011011100110110
10000000100001010011011100110101
10101110110111001100100011111110
10101110110111001100100011111101
10101110110111001100100011111100
10101110110111001100100011111011
10101110110111001100100011111010
01000100100110100110100010001000
01000100100110100110100010000111
01000100100110100110100010000110
01000100100110100110100010000101
01000100100110100110100010000100
00001110101100111111100001111001
00001110101100111111100001111000
00001110101100111111100001110111
00001110101100111111100001110110
00001110101100111111100001110101
01001100001000000101011110101001
01001100001000000101011110101000
01001100001000000101011110100111
01001100001000000101011110100110
01001100001000000101011110100101
11001001100011101110111000010010
11001001100011101110111000010001
11001001100011101110111000010000
11001001100011101110111000001111
11001001100011101110111000001110
01011110010011100011010000011011
01011110010011100011010000011010
01011110010011100011010000011001
01011110010011100011010000011000
01011110010011100011010000010111
00101101101010001111110100110101
00101101101010001111110100110100
00101101101010001111110100110011
00101101101010001111110100110010
00101101101010001111110100110001
01011110111011101011111100101111
01011110111011101011111100101110
01011110111011101011111100101101
01011110111011101011111100101100
01011110111011101011111100101011
10011100010000111000111011101100
10011100010000111000111011101011
10011100010000111000111011101010
10011100010000111000111011101001
10011100010000111000111011101000
01110011010101111101100100101000
01110011010101111101100100100111
01110011010101111101100100100110
01110011010101111101100100100101
01110011010101111101100100100100
00001011000000011011111001101111
00001011000000011011111001101110
00001011000000011011111001101101
00001011000000011011111001101100
00001011000000011011111001101011
00010110000111100100110010010011
00010110000111100100110010010010
00010110000111100100110010010001
00010110000111100100110010010000
00010110000111100100110010001111
11000001100101100010100111001111
11000001100101100010100111001110
11000001100101100010100111001101
11000001100101100010100111001100
11000001100101100010100111001011
01110001111000110101011110010100
01110001111000110101011110010011
01110001111000110101011110010010
01110001111000110101011110010001
01110001111000110101011110010000
00101101101010001111110100110001
01011110111011101011111100101111
01011110111011101011111100101110
01011110111011101011111100101101
10011100010000111000111011101010
10011100010000111000111011101001
10011100010000111000111011101000
01110011010101111101100100101000
01100011100011111000000010100010
01100011100011111000000010100001
01100011110101011110011101000000
01100011110101011110011100111111
00010110000111100100110010010000
00010110000111100100110010001111
11000001100101100010100111001111
11000001100101100010100111001110
00001011000000011011111001101011
00010110000111100100110010010011
00010110000111100100110010010010
00010110000111100100110010010001
11100011011001110101011000001010
11100011011001110101011000001001
11100011011001110101011000001000
11100011011001110101011000000111
11100011011001110101011000001010
11100011011001110101011000001001
11100011011001110101011000001000
11100011011001110101011000000111
10011100010000111000111011101010
10011100010000111000111011101001
10011100010000111000111011101000
01110011010101111101100100101000
10011100010000111000111011101010
10011100010000111000111011101001
10011100010000111000111011101000
01110011010101111101100100101000
01011110111011101011111100101100
01011110111011101011111100101011
10011100010000111000111011101100
10011100010000111000111011101011
01001100001000000101011110100110
01001100001000000101011110100101
11001001100011101110111000010010
11001001100011101110111000010001
01000100100110100110100010000111
01000100100110100110100010000110
01000100100110100110100010000101
01000100100110100110100010000100
00100011001010000001001111001110
01100011100011111000000010100101
01100011100011111000000010100100
01100011100011111000000010100011
01001100001000000101011110100110
01001100001000000101011110100101
11001001100011101110111000010010
11001001100011101110111000010001
01100011110101011110011100111110
01100011110101011110011100111101
01100011110101011110011100111100
11100011011001110101011000001011
01011110010011100011010000011010
01011110010011100011010000011001
01011110010011100011010000011000
01011110010011100011010000010111
01011110010011100011010000011010
01011110010011100011010000011001
01011110010011100011010000011000
01011110010011100011010000010111
01101000011010001010001111101101
01101000011010001010001111101100
01101000011010001010001111101011
01101000011010001010001111101010
00100011001010000001001111001110
01100011100011111000000010100101
01100011100011111000000010100100
01100011100011111000000010100011
01000100100110100110100010000111
01000100100110100110100010000110
01000100100110100110100010000101
01000100100110100110100010000100
00100011001010000001001111010010
00100011001010000001001111010001
00100011001010000001001111010000
00100011001010000001001111001111
01000100100110100110100010000111
01000100100110100110100010000110
01000100100110100110100010000101
01000100100110100110100010000100
11100011011001110101011000001010
11100011011001110101011000001001
11100011011001110101011000001000
11100011011001110101011000000111
00100011001010000001001111010010
00100011001010000001001111010001
00100011001010000001001111010000
00100011001010000001001111001111
00001011000000011011111001101011
00010110000111100100110010010011
00010110000111100100110010010010
00010110000111100100110010010001
00100011001010000001001111010010
00100011001010000001001111010001
00100011001010000001001111010000
00100011001010000001001111001111
00100011001010000001001111001110
01100011100011111000000010100101
01100011100011111000000010100100
01100011100011111000000010100011
01101000011010001010001111101001
10000000100001010011011100111001
10000000100001010011011100111000
10000000100001010011011100110111
01011110111011101011111100101100
01011110111011101011111100101011
10011100010000111000111011101100
10011100010000111000111011101011
01001100001000000101011110100110
01001100001000000101011110100101
11001001100011101110111000010010
11001001100011101110111000010001
01011110010011100011010000011010
01011110010011100011010000011001
01011110010011100011010000011000
01011110010011100011010000010111
01110011010101111101100100100111
01110011010101111101100100100110
01110011010101111101100100100101
01110011010101111101100100100100
10011100010000111000111011101010
10011100010000111000111011101001
10011100010000111000111011101000
01110011010101111101100100101000
01001100001000000101011110100110
01001100001000000101011110100101
11001001100011101110111000010010
11001001100011101110111000010001
11000001100101100010100111001101
11000001100101100010100111001100
11000001100101100010100111001011
01110001111000110101011110010100
11100011011001110101011000001010
11100011011001110101011000001001
11100011011001110101011000001000
11100011011001110101011000000111
01110011010101111101100100100111
01110011010101111101100100100110
01110011010101111101100100100101
01110011010101111101100100100100
00001011000000011011111001101011
00010110000111100100110010010011
00010110000111100100110010010010
00010110000111100100110010010001
01001100001000000101011110100110
01001100001000000101011110100101
11001001100011101110111000010010
11001001100011101110111000010001
00001011000000011011111001101011
00010110000111100100110010010011
00010110000111100100110010010010
00010110000111100100110010010001
01001100001000000101011110100110
01001100001000000101011110100101
11001001100011101110111000010010
11001001100011101110111000010001
10011100010000111000111011101010
10011100010000111000111011101001
10011100010000111000111011101000
01110011010101111101100100101000
01110011010101111101100100100111
01110011010101111101100100100110
01110011010101111101100100100101
01110011010101111101100100100100
01011110111011101011111100101100
01011110111011101011111100101011
10011100010000111000111011101100
10011100010000111000111011101011
00001011000000011011111001101111
00001011000000011011111001101110
00001011000000011011111001101101
00001011000000011011111001101100
01100011100011111000000010100010
01100011100011111000000010100001
01100011110101011110011101000000
01100011110101011110011100111111
10011100010000111000111011101010
10011100010000111000111011101001
10011100010000111000111011101000
01110011010101111101100100101000
10101110110111001100100011111100
10101110110111001100100011111011
10101110110111001100100011111010
01000100100110100110100010001000
10101110110111001100100011111100
10101110110111001100100011111011
10101110110111001100100011111010
01000100100110100110100010001000
01011110010011100011010000011010
01011110010011100011010000011001
01011110010011100011010000011000
01011110010011100011010000010111
01101000011010001010001111101001
10000000100001010011011100111001
10000000100001010011011100111000
10000000100001010011011100110111
00101101101010001111110100110001
01011110111011101011111100101111
01011110111011101011111100101110
01011110111011101011111100101101
11000001100101100010100111001101
11000001100101100010100111001100
11000001100101100010100111001011
01110001111000110101011110010100
00100011001010000001001111001110
01100011100011111000000010100101
01100011100011111000000010100100
01100011100011111000000010100011
00010110000111100100110010010000
00010110000111100100110010001111
11000001100101100010100111001111
11000001100101100010100111001110
00101101101010001111110100110001
01011110111011101011111100101111
01011110111011101011111100101110
01011110111011101011111100101101
01001100001000000101011110100110
01001100001000000101011110100101
11001001100011101110111000010010
11001001100011101110111000010001
01100011100011111000000010100010
01100011100011111000000010100001
01100011110101011110011101000000
01100011110101011110011100111111
11000001100101100010100111001101
11000001100101100010100111001100
11000001100101100010100111001011
01110001111000110101011110010100
00001011000000011011111001101111
00001011000000011011111001101110
00001011000000011011111001101101
00001011000000011011111001101100
00001110101100111111100001110101
01001100001000000101011110101001
01001100001000000101011110101000
01001100001000000101011110100111
00010110000111100100110010010000
00010110000111100100110010001111
11000001100101100010100111001111
11000001100101100010100111001110
00001110101100111111100001111001
00001110101100111111100001111000
00001110101100111111100001110111
00001110101100111111100001110110
11001001100011101110111000010000
11001001100011101110111000001111
11001001100011101110111000001110
01011110010011100011010000011011
11001001100011101110111000010000
11001001100011101110111000001111
11001001100011101110111000001110
01011110010011100011010000011011
01101000011010001010001111101001
10000000100001010011011100111001
10000000100001010011011100111000
10000000100001010011011100110111
00100011001010000001001111001110
01100011100011111000000010100101
01100011100011111000000010100100
01100011100011111000000010100011
01101000011010001010001111101001
10000000100001010011011100111001
10000000100001010011011100111000
10000000100001010011011100110111
10101110110111001100100011111100
10101110110111001100100011111011
10101110110111001100100011111010
01000100100110100110100010001000
01110011010101111101100100100111
01110011010101111101100100100110
01110011010101111101100100100101
01110011010101111101100100100100
00101101101010001111110100110001
01011110111011101011111100101111
01011110111011101011111100101110
01011110111011101011111100101101
00100011001010000001001111001110
01100011100011111000000010100101
01100011100011111000000010100100
01100011100011111000000010100011
00101101101010001111110100110001
01011110111011101011111100101111
01011110111011101011111100101110
01011110111011101011111100101101
11001001100011101110111000010000
11001001100011101110111000001111
11001001100011101110111000001110
01011110010011100011010000011011
10000000100001010011011100110110
10000000100001010011011100110101
10101110110111001100100011111110
10101110110111001100100011111101
01101000011010001010001111101001
10000000100001010011011100111001
10000000100001010011011100111000
10000000100001010011011100110111
00100011001010000001001111010010
00100011001010000001001111010001
00100011001010000001001111010000
00100011001010000001001111001111
00001110101100111111100001111001
00001110101100111111100001111000
00001110101100111111100001110111
00001110101100111111100001110110
00001011000000011011111001101111
00001011000000011011111001101110
00001011000000011011111001101101
00001011000000011011111001101100
01101000011010001010001111101101
01101000011010001010001111101100
01101000011010001010001111101011
01101000011010001010001111101010
10011100010000111000111011101010
10011100010000111000111011101001
10011100010000111000111011101000
01110011010101111101100100101000
00101101101010001111110100110001
01011110111011101011111100101111
01011110111011101011111100101110
01011110111011101011111100101101
01100011110101011110011100111110
01100011110101011110011100111101
01100011110101011110011100111100
11100011011001110101011000001011
01011110111011101011111100101100
01011110111011101011111100101011
10011100010000111000111011101100
10011100010000111000111011101011
00101101101010001111110100110001
01011110111011101011111100101111
01011110111011101011111100101110
01011110111011101011111100101101
01110001111000110101011110010011
01110001111000110101011110010010
01110001111000110101011110010001
01110001111000110101011110010000
01100011110101011110011100111110
01100011110101011110011100111101
01100011110101011110011100111100
11100011011001110101011000001011
01100011100011111000000010100010
01100011100011111000000010100001
01100011110101011110011101000000
01100011110101011110011100111111
11000001100101100010100111001101
11000001100101100010100111001100
11000001100101100010100111001011
01110001111000110101011110010100
11100011011001110101011000001010
11100011011001110101011000001001
11100011011001110101011000001000
11100011011001110101011000000111
00101101101010001111110100110001
01011110111011101011111100101111
01011110111011101011111100101110
01011110111011101011111100101101
01100011100011111000000010100010
01100011100011111000000010100001
01100011110101011110011101000000
01100011110101011110011100111111
00100011001010000001001111001110
01100011100011111000000010100101
01100011100011111000000010100100
01100011100011111000000010100011
00001011000000011011111001101111
00001011000000011011111001101110
00001011000000011011111001101101
00001011000000011011111001101100
01101000011010001010001111101101
01101000011010001010001111101100
01101000011010001010001111101011
01101000011010001010001111101010
01101000011010001010001111101001
10000000100001010011011100111001
10000000100001010011011100111000
10000000100001010011011100110111
01100011110101011110011100111110
01100011110101011110011100111101
01100011110101011110011100111100
11100011011001110101011000001011
01110001111000110101011110010011
01110001111000110101011110010010
01110001111000110101011110010001
01110001111000110101011110010000
00001011000000011011111001101111
00001011000000011011111001101110
00001011000000011011111001101101
00001011000000011011111001101100
01101000011010001010001111101101
01101000011010001010001111101100
01101000011010001010001111101011
01101000011010001010001111101010