00110100100110110110001111111110
00110100100110110110001111111101
00110100100110110110001111111100
00110100100110110110001111111011
00110100100110110110001111111010
10001010010000010001101111011010
10001010010000010001101111011001
10001010010000010001101111011000
10001010010000010001101111010111
10001010010000010001101111010110
11011101101110010001101001111000
11011101101110010001101001110111
11011101101110010001101001110110
11011101101110010001101001110101
11011101101110010001101001110100
00001001110001011001101110001110
00001001110001011001101110001101
00001001110001011001101110001100
00001001110001011001101110001011
00001001110001011001101110001010
01011101101001000011110011000000
01011101101001000011110010111111
01011101101001000011110010111110
01011101101001000011110010111101
01011101101001000011110010111100
01101100001101010010100010011000
01101100001101010010100010010111
01101100001101010010100010010110
01101100001101010010100010010101
01101100001101010010100010010100
00101100010011111110010101100001
00101100010011111110010101100000
00101100010011111110010101011111
00101100010011111110010101011110
00101100010011111110010101011101
00000001101000010001111110000001
00000001101000010001111110000000
00000001101000010001111101111111
00000001101000010001111101111110
00000001101000010001111101111101
01001111101010100001111101100010
01001111101010100001111101100001
01001111101010100001111101100000
01001111101010100001111101011111
01001111101010100001111101011110
10110011010111110101111101011001
10110011010111110101111101011000
10110011010111110101111101010111
10110011010111110101111101010110
10110011010111110101111101010101
00100001001000010111000111111100
00100001001000010111000111111011
00100001001000010111000111111010
00100001001000010111000111111001
00100001001000010111000111111000
10111101110111101101011110010110
10111101110111101101011110010101
10111101110111101101011110010100
10111101110111101101011110010011
10111101110111101101011110010010
01001100111111100111101011101011
01001100111111100111101011101010
01001100111111100111101011101001
01001100111111100111101011101000
01001100111111100111101011100111
10100011011110101101100110010110
10100011011110101101100110010101
10100011011110101101100110010100
10100011011110101101100110010011
10100011011110101101100110010010
00100110111111100011110010100000
00100110111111100011110010011111
00100110111111100011110010011110
00100110111111100011110010011101
00100110111111100011110010011100
10011110001011111100011000000000
10011110001011111100010111111111
10011110001011111100010111111110
10011110001011111100010111111101
10011110001011111100010111111100
01001001001000010011011110000101
01001001001000010011011110000100
01001001001000010011011110000011
01001001001000010011011110000010
01001001001000010011011110000001
10010100111000010010101110100100
10010100111000010010101110100011
10010100111000010010101110100010
10010100111000010010101110100001
10010100111000010010101110100000
10000100000011101001111111000101
10000100000011101001111111000100
10000100000011101001111111000011
10000100000011101001111111000010
10000100000011101001111111000001
11001110010001110001010010010011
11001110010001110001010010010010
11001110010001110001010010010001
11001110010001110001010010010000
11001110010001110001010010001111
10001010010000010001101111010111
10001010010000010001101111010110
11011101101110010001101001111000
11011101101110010001101001110111
10011110001011111100010111111111
10011110001011111100010111111110
10011110001011111100010111111101
10011110001011111100010111111100
01001100111111100111101011101011
01001100111111100111101011101010
01001100111111100111101011101001
01001100111111100111101011101000
01001100111111100111101011101011
01001100111111100111101011101010
01001100111111100111101011101001
01001100111111100111101011101000
11001110010001110001010010010010
11001110010001110001010010010001
11001110010001110001010010010000
11001110010001110001010010001111
00000001101000010001111110000000
00000001101000010001111101111111
00000001101000010001111101111110
00000001101000010001111101111101
01101100001101010010100010010101
01101100001101010010100010010100
00101100010011111110010101100001
00101100010011111110010101100000
01001100111111100111101011101011
01001100111111100111101011101010
01001100111111100111101011101001
01001100111111100111101011101000
01011101101001000011110010111100
01101100001101010010100010011000
01101100001101010010100010010111
01101100001101010010100010010110
01001001001000010011011110000101
01001001001000010011011110000100
01001001001000010011011110000011
01001001001000010011011110000010
10111101110111101101011110010101
10111101110111101101011110010100
10111101110111101101011110010011
10111101110111101101011110010010
01001111101010100001111101100010
01001111101010100001111101100001
01001111101010100001111101100000
01001111101010100001111101011111
10001010010000010001101111010111
10001010010000010001101111010110
11011101101110010001101001111000
11011101101110010001101001110111
01001111101010100001111101011110
10110011010111110101111101011001
10110011010111110101111101011000
10110011010111110101111101010111
01001001001000010011011110000001
10010100111000010010101110100100
10010100111000010010101110100011
10010100111000010010101110100010
00000001101000010001111110000000
00000001101000010001111101111111
00000001101000010001111101111110
00000001101000010001111101111101
00000001101000010001111110000000
00000001101000010001111101111111
00000001101000010001111101111110
00000001101000010001111101111101
01011101101001000011110010111100
01101100001101010010100010011000
01101100001101010010100010010111
01101100001101010010100010010110
00001001110001011001101110001101
00001001110001011001101110001100
00001001110001011001101110001011
00001001110001011001101110001010
01011101101001000011110010111100
01101100001101010010100010011000
01101100001101010010100010010111
01101100001101010010100010010110
11001110010001110001010010010010
11001110010001110001010010010001
11001110010001110001010010010000
11001110010001110001010010001111
10111101110111101101011110010101
10111101110111101101011110010100
10111101110111101101011110010011
10111101110111101101011110010010
10100011011110101101100110010011
10100011011110101101100110010010
00100110111111100011110010100000
00100110111111100011110010011111
01101100001101010010100010010101
01101100001101010010100010010100
00101100010011111110010101100001
00101100010011111110010101100000
10110011010111110101111101010110
10110011010111110101111101010101
00100001001000010111000111111100
00100001001000010111000111111011
01001111101010100001111101100010
01001111101010100001111101100001
01001111101010100001111101100000
01001111101010100001111101011111
10011110001011111100010111111111
10011110001011111100010111111110
10011110001011111100010111111101
10011110001011111100010111111100
10001010010000010001101111010111
10001010010000010001101111010110
11011101101110010001101001111000
11011101101110010001101001110111
01011101101001000011110010111100
01101100001101010010100010011000
01101100001101010010100010010111
01101100001101010010100010010110
00110100100110110110001111111010
10001010010000010001101111011010
10001010010000010001101111011001
10001010010000010001101111011000
00100110111111100011110010011110
00100110111111100011110010011101
00100110111111100011110010011100
10011110001011111100011000000000
10010100111000010010101110100001
10010100111000010010101110100000
10000100000011101001111111000101
10000100000011101001111111000100
01001111101010100001111101011110
10110011010111110101111101011001
10110011010111110101111101011000
10110011010111110101111101010111
10110011010111110101111101010110
10110011010111110101111101010101
00100001001000010111000111111100
00100001001000010111000111111011
01001100111111100111101011101011
01001100111111100111101011101010
01001100111111100111101011101001
01001100111111100111101011101000
11001110010001110001010010010010
11001110010001110001010010010001
11001110010001110001010010010000
11001110010001110001010010001111
10100011011110101101100110010011
10100011011110101101100110010010
00100110111111100011110010100000
00100110111111100011110010011111
00101100010011111110010101011111
00101100010011111110010101011110
00101100010011111110010101011101
00000001101000010001111110000001
01001001001000010011011110000101
01001001001000010011011110000100
01001001001000010011011110000011
01001001001000010011011110000010
11001110010001110001010010010010
11001110010001110001010010010001
11001110010001110001010010010000
11001110010001110001010010001111
01101100001101010010100010010101
01101100001101010010100010010100
00101100010011111110010101100001
00101100010011111110010101100000
01001100111111100111101011100111
10100011011110101101100110010110
10100011011110101101100110010101
10100011011110101101100110010100
00110100100110110110001111111110
00110100100110110110001111111101
00110100100110110110001111111100
00110100100110110110001111111011
01001001001000010011011110000101
01001001001000010011011110000100
01001001001000010011011110000011
01001001001000010011011110000010
11011101101110010001101001110110
11011101101110010001101001110101
11011101101110010001101001110100
00001001110001011001101110001110
00100110111111100011110010011110
00100110111111100011110010011101
00100110111111100011110010011100
10011110001011111100011000000000
01001111101010100001111101100010
01001111101010100001111101100001
01001111101010100001111101100000
01001111101010100001111101011111
01001111101010100001111101011110
10110011010111110101111101011001
10110011010111110101111101011000
10110011010111110101111101010111
01001001001000010011011110000101
01001001001000010011011110000100
01001001001000010011011110000011
01001001001000010011011110000010
10100011011110101101100110010011
10100011011110101101100110010010
00100110111111100011110010100000
00100110111111100011110010011111
10001010010000010001101111010111
10001010010000010001101111010110
11011101101110010001101001111000
11011101101110010001101001110111
10111101110111101101011110010101
10111101110111101101011110010100
10111101110111101101011110010011
10111101110111101101011110010010
01001100111111100111101011100111
10100011011110101101100110010110
10100011011110101101100110010101
10100011011110101101100110010100
01001111101010100001111101100010
01001111101010100001111101100001
01001111101010100001111101100000
01001111101010100001111101011111
01001111101010100001111101011110
10110011010111110101111101011001
10110011010111110101111101011000
10110011010111110101111101010111
00110100100110110110001111111110
00110100100110110110001111111101
00110100100110110110001111111100
00110100100110110110001111111011
01011101101001000011110011000000
01011101101001000011110010111111
01011101101001000011110010111110
01011101101001000011110010111101
10000100000011101001111111000011
10000100000011101001111111000010
10000100000011101001111111000001
11001110010001110001010010010011
10000100000011101001111111000011
10000100000011101001111111000010
10000100000011101001111111000001
11001110010001110001010010010011
01011101101001000011110011000000
01011101101001000011110010111111
01011101101001000011110010111110
01011101101001000011110010111101
00110100100110110110001111111010
10001010010000010001101111011010
10001010010000010001101111011001
10001010010000010001101111011000
00110100100110110110001111111010
10001010010000010001101111011010
10001010010000010001101111011001
10001010010000010001101111011000
00000001101000010001111110000000
00000001101000010001111101111111
00000001101000010001111101111110
00000001101000010001111101111101
00110100100110110110001111111010
10001010010000010001101111011010
10001010010000010001101111011001
10001010010000010001101111011000
10000100000011101001111111000011
10000100000011101001111111000010
10000100000011101001111111000001
11001110010001110001010010010011
10001010010000010001101111010111
10001010010000010001101111010110
11011101101110010001101001111000
11011101101110010001101001110111
10111101110111101101011110010101
10111101110111101101011110010100
10111101110111101101011110010011
10111101110111101101011110010010
01001111101010100001111101011110
10110011010111110101111101011001
10110011010111110101111101011000
10110011010111110101111101010111
00100001001000010111000111111010
00100001001000010111000111111001
00100001001000010111000111111000
10111101110111101101011110010110
01001001001000010011011110000001
10010100111000010010101110100100
10010100111000010010101110100011
10010100111000010010101110100010
10110011010111110101111101010110
10110011010111110101111101010101
00100001001000010111000111111100
00100001001000010111000111111011
10111101110111101101011110010101
10111101110111101101011110010100
10111101110111101101011110010011
10111101110111101101011110010010
10010100111000010010101110100001
10010100111000010010101110100000
10000100000011101001111111000101
10000100000011101001111111000100
00000001101000010001111110000000
00000001101000010001111101111111
00000001101000010001111101111110
00000001101000010001111101111101
11011101101110010001101001110110
11011101101110010001101001110101
11011101101110010001101001110100
00001001110001011001101110001110
01001001001000010011011110000101
01001001001000010011011110000100
01001001001000010011011110000011
01001001001000010011011110000010
00110100100110110110001111111010
10001010010000010001101111011010
10001010010000010001101111011001
10001010010000010001101111011000
01011101101001000011110011000000
01011101101001000011110010111111
01011101101001000011110010111110
01011101101001000011110010111101
01001001001000010011011110000101
01001001001000010011011110000100
01001001001000010011011110000011
01001001001000010011011110000010
01011101101001000011110010111100
01101100001101010010100010011000
01101100001101010010100010010111
01101100001101010010100010010110
00100110111111100011110010011110
00100110111111100011110010011101
00100110111111100011110010011100
10011110001011111100011000000000
01001001001000010011011110000001
10010100111000010010101110100100
10010100111000010010101110100011
10010100111000010010101110100010
00100110111111100011110010011110
00100110111111100011110010011101
00100110111111100011110010011100
10011110001011111100011000000000
01001001001000010011011110000001
10010100111000010010101110100100
10010100111000010010101110100011
10010100111000010010101110100010
10011110001011111100010111111111
10011110001011111100010111111110
10011110001011111100010111111101
10011110001011111100010111111100
11001110010001110001010010010010
11001110010001110001010010010001
11001110010001110001010010010000
11001110010001110001010010001111
10001010010000010001101111010111
10001010010000010001101111010110
11011101101110010001101001111000
11011101101110010001101001110111
11001110010001110001010010010010
11001110010001110001010010010001
11001110010001110001010010010000
11001110010001110001010010001111
00101100010011111110010101011111
00101100010011111110010101011110
00101100010011111110010101011101
00000001101000010001111110000001
00110100100110110110001111111010
10001010010000010001101111011010
10001010010000010001101111011001
10001010010000010001101111011000
10000100000011101001111111000011
10000100000011101001111111000010
10000100000011101001111111000001
11001110010001110001010010010011
00000001101000010001111110000000
00000001101000010001111101111111
00000001101000010001111101111110
00000001101000010001111101111101
00101100010011111110010101011111
00101100010011111110010101011110
00101100010011111110010101011101
00000001101000010001111110000001
01011101101001000011110011000000
01011101101001000011110010111111
01011101101001000011110010111110
01011101101001000011110010111101
10000100000011101001111111000011
10000100000011101001111111000010
10000100000011101001111111000001
11001110010001110001010010010011
10100011011110101101100110010011
10100011011110101101100110010010
00100110111111100011110010100000
00100110111111100011110010011111
01001100111111100111101011100111
10100011011110101101100110010110
10100011011110101101100110010101
10100011011110101101100110010100
00001001110001011001101110001101
00001001110001011001101110001100
00001001110001011001101110001011
00001001110001011001101110001010
00101100010011111110010101011111
00101100010011111110010101011110
00101100010011111110010101011101
00000001101000010001111110000001
00100110111111100011110010011110
00100110111111100011110010011101
00100110111111100011110010011100
10011110001011111100011000000000