01011100010010110100101000110001
01011100010010110100101000110000
01011100010010110100101000101111
01011100010010110100101000101110
01011100010010110100101000101101
00100100001111000001101010111110
00100100001111000001101010111101
00100100001111000001101010111100
00100100001111000001101010111011
00100100001111000001101010111010
01010111000100110110000100101010
01010111000100110110000100101001
01010111000100110110000100101000
01010111000100110110000100100111
01010111000100110110000100100110
01001101010000011100011010101111
01001101010000011100011010101110
01001101010000011100011010101101
01001101010000011100011010101100
01001101010000011100011010101011
11110010010100001100001001010001
11110010010100001100001001010000
11110010010100001100001001001111
11110010010100001100001001001110
11110010010100001100001001001101
11101111101111011111110001010010
11101111101111011111110001010001
11101111101111011111110001010000
11101111101111011111110001001111
11101111101111011111110001001110
01010010000100010101010101111010
01010010000100010101010101111001
01010010000100010101010101111000
01010010000100010101010101110111
01010010000100010101010101110110
00111111100101010001010011111110
00111111100101010001010011111101
00111111100101010001010011111100
00111111100101010001010011111011
00111111100101010001010011111010
11010011011010000001000100100000
11010011011010000001000100011111
11010011011010000001000100011110
11010011011010000001000100011101
11010011011010000001000100011100
01000101101010010001110101000001
01000101101010010001110101000000
01000101101010010001110100111111
01000101101010010001110100111110
01000101101010010001110100111101
10000110001001010101000011010011
10000110001001010101000011010010
10000110001001010101000011010001
10000110001001010101000011010000
10000110001001010101000011001111
00101101011010000001001010101111
00101101011010000001001010101110
00101101011010000001001010101101
00101101011010000001001010101100
00101101011010000001001010101011
10010101110100000100111111010001
10010101110100000100111111010000
10010101110100000100111111001111
10010101110100000100111111001110
10010101110100000100111111001101
01000111101100111001100111000000
01000111101100111001100110111111
01000111101100111001100110111110
01000111101100111001100110111101
01000111101100111001100110111100
00101111000001001010100100011110
00101111000001001010100100011101
00101111000001001010100100011100
00101111000001001010100100011011
00101111000001001010100100011010
00111011110100100011101100011000
00111011110100100011101100010111
00111011110100100011101100010110
00111011110100100011101100010101
00111011110100100011101100010100
11011011101001101110010111100110
11011011101001101110010111100101
11011011101001101110010111100100
11011011101001101110010111100011
11011011101001101110010111100010
01000011101011000000101111111110
01000011101011000000101111111101
01000011101011000000101111111100
01000011101011000000101111111011
01000011101011000000101111111010
11011110010100101011001100001110
11011110010100101011001100001101
11011110010100101011001100001100
11011110010100101011001100001011
11011110010100101011001100001010
10111011111111010001011111101001
10111011111111010001011111101000
10111011111111010001011111100111
10111011111111010001011111100110
10111011111111010001011111100101
00101111000001001010100100011100
00101111000001001010100100011011
00101111000001001010100100011010
00111011110100100011101100011000
01011100010010110100101000101101
00100100001111000001101010111110
00100100001111000001101010111101
00100100001111000001101010111100
01011100010010110100101000110001
01011100010010110100101000110000
01011100010010110100101000101111
01011100010010110100101000101110
00111111100101010001010011111101
00111111100101010001010011111100
00111111100101010001010011111011
00111111100101010001010011111010
10010101110100000100111111001101
01000111101100111001100111000000
01000111101100111001100110111111
01000111101100111001100110111110
00111011110100100011101100010111
00111011110100100011101100010110
00111011110100100011101100010101
00111011110100100011101100010100
11011011101001101110010111100110
11011011101001101110010111100101
11011011101001101110010111100100
11011011101001101110010111100011
11010011011010000001000100100000
11010011011010000001000100011111
11010011011010000001000100011110
11010011011010000001000100011101
10010101110100000100111111001101
01000111101100111001100111000000
01000111101100111001100110111111
01000111101100111001100110111110
01011100010010110100101000110001
01011100010010110100101000110000
01011100010010110100101000101111
01011100010010110100101000101110
11101111101111011111110001001111
11101111101111011111110001001110
01010010000100010101010101111010
01010010000100010101010101111001
01000011101011000000101111111011
01000011101011000000101111111010
11011110010100101011001100001110
11011110010100101011001100001101
00111111100101010001010011111101
00111111100101010001010011111100
00111111100101010001010011111011
00111111100101010001010011111010
00111111100101010001010011111101
00111111100101010001010011111100
00111111100101010001010011111011
00111111100101010001010011111010
11110010010100001100001001001101
11101111101111011111110001010010
11101111101111011111110001010001
11101111101111011111110001010000
01000101101010010001110100111110
01000101101010010001110100111101
10000110001001010101000011010011
10000110001001010101000011010010
11110010010100001100001001001101
11101111101111011111110001010010
11101111101111011111110001010001
11101111101111011111110001010000
11010011011010000001000100100000
11010011011010000001000100011111
11010011011010000001000100011110
11010011011010000001000100011101
11010011011010000001000100100000
11010011011010000001000100011111
11010011011010000001000100011110
11010011011010000001000100011101
11010011011010000001000100011100
01000101101010010001110101000001
01000101101010010001110101000000
01000101101010010001110100111111
01010010000100010101010101111000
01010010000100010101010101110111
01010010000100010101010101110110
00111111100101010001010011111110
11110010010100001100001001001101
11101111101111011111110001010010
11101111101111011111110001010001
11101111101111011111110001010000
10010101110100000100111111010001
10010101110100000100111111010000
10010101110100000100111111001111
10010101110100000100111111001110
01000101101010010001110100111110
01000101101010010001110100111101
10000110001001010101000011010011
10000110001001010101000011010010
00101101011010000001001010101110
00101101011010000001001010101101
00101101011010000001001010101100
00101101011010000001001010101011
00111111100101010001010011111101
00111111100101010001010011111100
00111111100101010001010011111011
00111111100101010001010011111010
01011100010010110100101000110001
01011100010010110100101000110000
01011100010010110100101000101111
01011100010010110100101000101110
10111011111111010001011111101000
10111011111111010001011111100111
10111011111111010001011111100110
10111011111111010001011111100101
00111111100101010001010011111101
00111111100101010001010011111100
00111111100101010001010011111011
00111111100101010001010011111010
11011110010100101011001100001100
11011110010100101011001100001011
11011110010100101011001100001010
10111011111111010001011111101001
00101101011010000001001010101110
00101101011010000001001010101101
00101101011010000001001010101100
00101101011010000001001010101011
00111111100101010001010011111101
00111111100101010001010011111100
00111111100101010001010011111011
00111111100101010001010011111010
11110010010100001100001001010001
11110010010100001100001001010000
11110010010100001100001001001111
11110010010100001100001001001110
11110010010100001100001001010001
11110010010100001100001001010000
11110010010100001100001001001111
11110010010100001100001001001110
10000110001001010101000011010001
10000110001001010101000011010000
10000110001001010101000011001111
00101101011010000001001010101111
00100100001111000001101010111011
00100100001111000001101010111010
01010111000100110110000100101010
01010111000100110110000100101001
01000111101100111001100110111101
01000111101100111001100110111100
00101111000001001010100100011110
00101111000001001010100100011101
11010011011010000001000100100000
11010011011010000001000100011111
11010011011010000001000100011110
11010011011010000001000100011101
01001101010000011100011010101110
01001101010000011100011010101101
01001101010000011100011010101100
01001101010000011100011010101011
11110010010100001100001001001101
11101111101111011111110001010010
11101111101111011111110001010001
11101111101111011111110001010000
01000101101010010001110100111110
01000101101010010001110100111101
10000110001001010101000011010011
10000110001001010101000011010010
00111011110100100011101100010111
00111011110100100011101100010110
00111011110100100011101100010101
00111011110100100011101100010100
00100100001111000001101010111011
00100100001111000001101010111010
01010111000100110110000100101010
01010111000100110110000100101001
11010011011010000001000100100000
11010011011010000001000100011111
11010011011010000001000100011110
11010011011010000001000100011101
10000110001001010101000011010001
10000110001001010101000011010000
10000110001001010101000011001111
00101101011010000001001010101111
01011100010010110100101000110001
01011100010010110100101000110000
01011100010010110100101000101111
01011100010010110100101000101110
00111111100101010001010011111101
00111111100101010001010011111100
00111111100101010001010011111011
00111111100101010001010011111010
01010010000100010101010101111000
01010010000100010101010101110111
01010010000100010101010101110110
00111111100101010001010011111110
11101111101111011111110001001111
11101111101111011111110001001110
01010010000100010101010101111010
01010010000100010101010101111001
11011011101001101110010111100110
11011011101001101110010111100101
11011011101001101110010111100100
11011011101001101110010111100011
10010101110100000100111111010001
10010101110100000100111111010000
10010101110100000100111111001111
10010101110100000100111111001110
10111011111111010001011111101000
10111011111111010001011111100111
10111011111111010001011111100110
10111011111111010001011111100101
01000011101011000000101111111011
01000011101011000000101111111010
11011110010100101011001100001110
11011110010100101011001100001101
01001101010000011100011010101110
01001101010000011100011010101101
01001101010000011100011010101100
01001101010000011100011010101011
01000101101010010001110100111110
01000101101010010001110100111101
10000110001001010101000011010011
10000110001001010101000011010010
10111011111111010001011111101000
10111011111111010001011111100111
10111011111111010001011111100110
10111011111111010001011111100101
00111111100101010001010011111101
00111111100101010001010011111100
00111111100101010001010011111011
00111111100101010001010011111010
11110010010100001100001001010001
11110010010100001100001001010000
11110010010100001100001001001111
11110010010100001100001001001110
11011011101001101110010111100010
01000011101011000000101111111110
01000011101011000000101111111101
01000011101011000000101111111100
00100100001111000001101010111011
00100100001111000001101010111010
01010111000100110110000100101010
01010111000100110110000100101001
11110010010100001100001001001101
11101111101111011111110001010010
11101111101111011111110001010001
11101111101111011111110001010000
00101101011010000001001010101110
00101101011010000001001010101101
00101101011010000001001010101100
00101101011010000001001010101011
11110010010100001100001001001101
11101111101111011111110001010010
11101111101111011111110001010001
11101111101111011111110001010000
11010011011010000001000100100000
11010011011010000001000100011111
11010011011010000001000100011110
11010011011010000001000100011101
10010101110100000100111111010001
10010101110100000100111111010000
10010101110100000100111111001111
10010101110100000100111111001110
11101111101111011111110001001111
11101111101111011111110001001110
01010010000100010101010101111010
01010010000100010101010101111001
10111011111111010001011111101000
10111011111111010001011111100111
10111011111111010001011111100110
10111011111111010001011111100101
01000011101011000000101111111011
01000011101011000000101111111010
11011110010100101011001100001110
11011110010100101011001100001101
00101101011010000001001010101110
00101101011010000001001010101101
00101101011010000001001010101100
00101101011010000001001010101011
01000101101010010001110100111110
01000101101010010001110100111101
10000110001001010101000011010011
10000110001001010101000011010010
10010101110100000100111111010001
10010101110100000100111111010000
10010101110100000100111111001111
10010101110100000100111111001110
01000011101011000000101111111011
01000011101011000000101111111010
11011110010100101011001100001110
11011110010100101011001100001101
01000111101100111001100110111101
01000111101100111001100110111100
00101111000001001010100100011110
00101111000001001010100100011101
11011011101001101110010111100010
01000011101011000000101111111110
01000011101011000000101111111101
01000011101011000000101111111100
01011100010010110100101000110001
01011100010010110100101000110000
01011100010010110100101000101111
01011100010010110100101000101110
10000110001001010101000011010001
10000110001001010101000011010000
10000110001001010101000011001111
00101101011010000001001010101111
00100100001111000001101010111011
00100100001111000001101010111010
01010111000100110110000100101010
01010111000100110110000100101001
00111011110100100011101100010111
00111011110100100011101100010110
00111011110100100011101100010101
00111011110100100011101100010100
11010011011010000001000100100000
11010011011010000001000100011111
11010011011010000001000100011110
11010011011010000001000100011101
10000110001001010101000011010001
10000110001001010101000011010000
10000110001001010101000011001111
00101101011010000001001010101111
11011110010100101011001100001100
11011110010100101011001100001011
11011110010100101011001100001010
10111011111111010001011111101001
00101111000001001010100100011100
00101111000001001010100100011011
00101111000001001010100100011010
00111011110100100011101100011000
11110010010100001100001001010001
11110010010100001100001001010000
11110010010100001100001001001111
11110010010100001100001001001110
11010011011010000001000100100000
11010011011010000001000100011111
11010011011010000001000100011110
11010011011010000001000100011101
11010011011010000001000100100000
11010011011010000001000100011111
11010011011010000001000100011110
11010011011010000001000100011101
11011110010100101011001100001100
11011110010100101011001100001011
11011110010100101011001100001010
10111011111111010001011111101001
00111111100101010001010011111101
00111111100101010001010011111100
00111111100101010001010011111011
00111111100101010001010011111010
10111011111111010001011111101000
10111011111111010001011111100111
10111011111111010001011111100110
10111011111111010001011111100101
10111011111111010001011111101000
10111011111111010001011111100111
10111011111111010001011111100110
10111011111111010001011111100101
11110010010100001100001001001101
11101111101111011111110001010010
11101111101111011111110001010001
11101111101111011111110001010000
01001101010000011100011010101110
01001101010000011100011010101101
01001101010000011100011010101100
01001101010000011100011010101011
01000011101011000000101111111011
01000011101011000000101111111010
11011110010100101011001100001110
11011110010100101011001100001101
10111011111111010001011111101000
10111011111111010001011111100111
10111011111111010001011111100110
10111011111111010001011111100101
01000111101100111001100110111101
01000111101100111001100110111100
00101111000001001010100100011110
00101111000001001010100100011101
10111011111111010001011111101000
10111011111111010001011111100111
10111011111111010001011111100110
10111011111111010001011111100101
00101101011010000001001010101110
00101101011010000001001010101101
00101101011010000001001010101100
00101101011010000001001010101011
11101111101111011111110001001111
11101111101111011111110001001110
01010010000100010101010101111010
01010010000100010101010101111001
00100100001111000001101010111011
00100100001111000001101010111010
01010111000100110110000100101010
01010111000100110110000100101001
00100100001111000001101010111011
00100100001111000001101010111010
01010111000100110110000100101010
01010111000100110110000100101001
11110010010100001100001001010001
11110010010100001100001001010000
11110010010100001100001001001111
11110010010100001100001001001110