00010011011010110011110011110000
00010011011010110011110011101111
00010011011010110011110011101110
00010011011010110011110011101101
00010011011010110011110011101100
00101110000110011100010110000100
00101110000110011100010110000011
00101110000110011100010110000010
00101110000110011100010110000001
00101110000110011100010110000000
11111001111111001111010100010101
11111001111111001111010100010100
11111001111111001111010100010011
11111001111111001111010100010010
11111001111111001111010100010001
01000111111111111010100011000100
01000111111111111010100011000011
01000111111111111010100011000010
01000111111111111010100011000001
01000111111111111010100011000000
01000101010001001010101111111101
01000101010001001010101111111100
01000101010001001010101111111011
01000101010001001010101111111010
01000101010001001010101111111001
01111001011110100000001001000000
01111001011110100000001000111111
01111001011110100000001000111110
01111001011110100000001000111101
01111001011110100000001000111100
00000000000001100000000111101111
00000000000001100000000111101110
00000000000001100000000111101101
00000000000001100000000111101100
00000000000001100000000111101011
01011111100111001111111111111011
01011111100111001111111111111010
01011111100111001111111111111001
01011111100111001111111111111000
01011111100111001111111111110111
01001111100000111111010010111010
01001111100000111111010010111001
01001111100000111111010010111000
01001111100000111111010010110111
01001111100000111111010010110110
10101011011100010101100111000100
10101011011100010101100111000011
10101011011100010101100111000010
10101011011100010101100111000001
10101011011100010101100111000000
10010100110011001001100110101100
10010100110011001001100110101011
10010100110011001001100110101010
10010100110011001001100110101001
10010100110011001001100110101000
00011100010001110010111010000101
00011100010001110010111010000100
00011100010001110010111010000011
00011100010001110010111010000010
00011100010001110010111010000001
11100010011111001100110101110100
11100010011111001100110101110011
11100010011111001100110101110010
11100010011111001100110101110001
11100010011111001100110101110000
11011000001111010011010100111100
11011000001111010011010100111011
11011000001111010011010100111010
11011000001111010011010100111001
11011000001111010011010100111000
10101110011010010000101101110000
10101110011010010000101101101111
10101110011010010000101101101110
10101110011010010000101101101101
10101110011010010000101101101100
00110011110100011111100110100011
00110011110100011111100110100010
00110011110100011111100110100001
00110011110100011111100110100000
00110011110100011111100110011111
00000100100001111010011010010100
00000100100001111010011010010011
00000100100001111010011010010010
00000100100001111010011010010001
00000100100001111010011010010000
00001000011000100010100101010110
00001000011000100010100101010101
00001000011000100010100101010100
00001000011000100010100101010011
00001000011000100010100101010010
11010000111001111010101011001100
11010000111001111010101011001011
11010000111001111010101011001010
11010000111001111010101011001001
11010000111001111010101011001000
10011000110100010010111110001000
10011000110100010010111110000111
10011000110100010010111110000110
10011000110100010010111110000101
10011000110100010010111110000100
00101110000110011100010110000001
00101110000110011100010110000000
11111001111111001111010100010101
11111001111111001111010100010100
00110011110100011111100110100010
00110011110100011111100110100001
00110011110100011111100110100000
00110011110100011111100110011111
01111001011110100000001000111101
01111001011110100000001000111100
00000000000001100000000111101111
00000000000001100000000111101110
00010011011010110011110011110000
00010011011010110011110011101111
00010011011010110011110011101110
00010011011010110011110011101101
11111001111111001111010100010011
11111001111111001111010100010010
11111001111111001111010100010001
01000111111111111010100011000100
00001000011000100010100101010011
00001000011000100010100101010010
11010000111001111010101011001100
11010000111001111010101011001011
01111001011110100000001000111101
01111001011110100000001000111100
00000000000001100000000111101111
00000000000001100000000111101110
00010011011010110011110011101100
00101110000110011100010110000100
00101110000110011100010110000011
00101110000110011100010110000010
01000101010001001010101111111001
01111001011110100000001001000000
01111001011110100000001000111111
01111001011110100000001000111110
01001111100000111111010010110110
10101011011100010101100111000100
10101011011100010101100111000011
10101011011100010101100111000010
11011000001111010011010100111001
11011000001111010011010100111000
10101110011010010000101101110000
10101110011010010000101101101111
01000101010001001010101111111001
01111001011110100000001001000000
01111001011110100000001000111111
01111001011110100000001000111110
00010011011010110011110011101100
00101110000110011100010110000100
00101110000110011100010110000011
00101110000110011100010110000010
11100010011111001100110101110000
11011000001111010011010100111100
11011000001111010011010100111011
11011000001111010011010100111010
01000101010001001010101111111101
01000101010001001010101111111100
01000101010001001010101111111011
01000101010001001010101111111010
00000100100001111010011010010100
00000100100001111010011010010011
00000100100001111010011010010010
00000100100001111010011010010001
00010011011010110011110011110000
00010011011010110011110011101111
00010011011010110011110011101110
00010011011010110011110011101101
11100010011111001100110101110100
11100010011111001100110101110011
11100010011111001100110101110010
11100010011111001100110101110001
00010011011010110011110011110000
00010011011010110011110011101111
00010011011010110011110011101110
00010011011010110011110011101101
01011111100111001111111111111010
01011111100111001111111111111001
01011111100111001111111111111000
01011111100111001111111111110111
11011000001111010011010100111001
11011000001111010011010100111000
10101110011010010000101101110000
10101110011010010000101101101111
01000111111111111010100011000011
01000111111111111010100011000010
01000111111111111010100011000001
01000111111111111010100011000000
01001111100000111111010010110110
10101011011100010101100111000100
10101011011100010101100111000011
10101011011100010101100111000010
01111001011110100000001000111101
01111001011110100000001000111100
00000000000001100000000111101111
00000000000001100000000111101110
01000101010001001010101111111001
01111001011110100000001001000000
01111001011110100000001000111111
01111001011110100000001000111110
00011100010001110010111010000100
00011100010001110010111010000011
00011100010001110010111010000010
00011100010001110010111010000001
11100010011111001100110101110000
11011000001111010011010100111100
11011000001111010011010100111011
11011000001111010011010100111010
01111001011110100000001000111101
01111001011110100000001000111100
00000000000001100000000111101111
00000000000001100000000111101110
00000100100001111010011010010100
00000100100001111010011010010011
00000100100001111010011010010010
00000100100001111010011010010001
10101011011100010101100111000001
10101011011100010101100111000000
10010100110011001001100110101100
10010100110011001001100110101011
01011111100111001111111111111010
01011111100111001111111111111001
01011111100111001111111111111000
01011111100111001111111111110111
11100010011111001100110101110000
11011000001111010011010100111100
11011000001111010011010100111011
11011000001111010011010100111010
01001111100000111111010010111010
01001111100000111111010010111001
01001111100000111111010010111000
01001111100000111111010010110111
11011000001111010011010100111001
11011000001111010011010100111000
10101110011010010000101101110000
10101110011010010000101101101111
00000100100001111010011010010100
00000100100001111010011010010011
00000100100001111010011010010010
00000100100001111010011010010001
00000100100001111010011010010100
00000100100001111010011010010011
00000100100001111010011010010010
00000100100001111010011010010001
01011111100111001111111111111010
01011111100111001111111111111001
01011111100111001111111111111000
01011111100111001111111111110111
00010011011010110011110011101100
00101110000110011100010110000100
00101110000110011100010110000011
00101110000110011100010110000010
00000100100001111010011010010000
00001000011000100010100101010110
00001000011000100010100101010101
00001000011000100010100101010100
10101110011010010000101101101110
10101110011010010000101101101101
10101110011010010000101101101100
00110011110100011111100110100011
00010011011010110011110011101100
00101110000110011100010110000100
00101110000110011100010110000011
00101110000110011100010110000010
01011111100111001111111111111010
01011111100111001111111111111001
01011111100111001111111111111000
01011111100111001111111111110111
10101110011010010000101101101110
10101110011010010000101101101101
10101110011010010000101101101100
00110011110100011111100110100011
01000111111111111010100011000011
01000111111111111010100011000010
01000111111111111010100011000001
01000111111111111010100011000000
00000100100001111010011010010000
00001000011000100010100101010110
00001000011000100010100101010101
00001000011000100010100101010100
00000100100001111010011010010100
00000100100001111010011010010011
00000100100001111010011010010010
00000100100001111010011010010001
00000100100001111010011010010100
00000100100001111010011010010011
00000100100001111010011010010010
00000100100001111010011010010001
00010011011010110011110011110000
00010011011010110011110011101111
00010011011010110011110011101110
00010011011010110011110011101101
11100010011111001100110101110100
11100010011111001100110101110011
11100010011111001100110101110010
11100010011111001100110101110001
00101110000110011100010110000001
00101110000110011100010110000000
11111001111111001111010100010101
11111001111111001111010100010100
01000101010001001010101111111001
01111001011110100000001001000000
01111001011110100000001000111111
01111001011110100000001000111110
10010100110011001001100110101010
10010100110011001001100110101001
10010100110011001001100110101000
00011100010001110010111010000101
10011000110100010010111110000111
10011000110100010010111110000110
10011000110100010010111110000101
10011000110100010010111110000100
00110011110100011111100110100010
00110011110100011111100110100001
00110011110100011111100110100000
00110011110100011111100110011111
01000111111111111010100011000011
01000111111111111010100011000010
01000111111111111010100011000001
01000111111111111010100011000000
00001000011000100010100101010011
00001000011000100010100101010010
11010000111001111010101011001100
11010000111001111010101011001011
10010100110011001001100110101010
10010100110011001001100110101001
10010100110011001001100110101000
00011100010001110010111010000101
00010011011010110011110011101100
00101110000110011100010110000100
00101110000110011100010110000011
00101110000110011100010110000010
01001111100000111111010010110110
10101011011100010101100111000100
10101011011100010101100111000011
10101011011100010101100111000010
10011000110100010010111110000111
10011000110100010010111110000110
10011000110100010010111110000101
10011000110100010010111110000100
01000101010001001010101111111101
01000101010001001010101111111100
01000101010001001010101111111011
01000101010001001010101111111010
00000100100001111010011010010100
00000100100001111010011010010011
00000100100001111010011010010010
00000100100001111010011010010001
00001000011000100010100101010011
00001000011000100010100101010010
11010000111001111010101011001100
11010000111001111010101011001011
01001111100000111111010010111010
01001111100000111111010010111001
01001111100000111111010010111000
01001111100000111111010010110111
01001111100000111111010010111010
01001111100000111111010010111001
01001111100000111111010010111000
01001111100000111111010010110111
00000100100001111010011010010000
00001000011000100010100101010110
00001000011000100010100101010101
00001000011000100010100101010100
00001000011000100010100101010011
00001000011000100010100101010010
11010000111001111010101011001100
11010000111001111010101011001011
00000100100001111010011010010100
00000100100001111010011010010011
00000100100001111010011010010010
00000100100001111010011010010001
00011100010001110010111010000100
00011100010001110010111010000011
00011100010001110010111010000010
00011100010001110010111010000001
10101110011010010000101101101110
10101110011010010000101101101101
10101110011010010000101101101100
00110011110100011111100110100011
01111001011110100000001000111101
01111001011110100000001000111100
00000000000001100000000111101111
00000000000001100000000111101110
10010100110011001001100110101010
10010100110011001001100110101001
10010100110011001001100110101000
00011100010001110010111010000101
01001111100000111111010010111010
01001111100000111111010010111001
01001111100000111111010010111000
01001111100000111111010010110111
01001111100000111111010010111010
01001111100000111111010010111001
01001111100000111111010010111000
01001111100000111111010010110111
00010011011010110011110011101100
00101110000110011100010110000100
00101110000110011100010110000011
00101110000110011100010110000010
10011000110100010010111110000111
10011000110100010010111110000110
10011000110100010010111110000101
10011000110100010010111110000100
10101110011010010000101101101110
10101110011010010000101101101101
10101110011010010000101101101100
00110011110100011111100110100011
10011000110100010010111110000111
10011000110100010010111110000110
10011000110100010010111110000101
10011000110100010010111110000100
01000101010001001010101111111101
01000101010001001010101111111100
01000101010001001010101111111011
01000101010001001010101111111010
11010000111001111010101011001010
11010000111001111010101011001001
11010000111001111010101011001000
10011000110100010010111110001000
10011000110100010010111110000111
10011000110100010010111110000110
10011000110100010010111110000101
10011000110100010010111110000100
11100010011111001100110101110000
11011000001111010011010100111100
11011000001111010011010100111011
11011000001111010011010100111010
01001111100000111111010010110110
10101011011100010101100111000100
10101011011100010101100111000011
10101011011100010101100111000010
10011000110100010010111110000111
10011000110100010010111110000110
10011000110100010010111110000101
10011000110100010010111110000100
01111001011110100000001000111101
01111001011110100000001000111100
00000000000001100000000111101111
00000000000001100000000111101110
00110011110100011111100110100010
00110011110100011111100110100001
00110011110100011111100110100000
00110011110100011111100110011111
01111001011110100000001000111101
01111001011110100000001000111100
00000000000001100000000111101111
00000000000001100000000111101110
01000101010001001010101111111101
01000101010001001010101111111100
01000101010001001010101111111011
01000101010001001010101111111010
01000101010001001010101111111101
01000101010001001010101111111100
01000101010001001010101111111011
01000101010001001010101111111010
00011100010001110010111010000100
00011100010001110010111010000011
00011100010001110010111010000010
00011100010001110010111010000001
00101110000110011100010110000001
00101110000110011100010110000000
11111001111111001111010100010101
11111001111111001111010100010100
10101011011100010101100111000001
10101011011100010101100111000000
10010100110011001001100110101100
10010100110011001001100110101011
11111001111111001111010100010011
11111001111111001111010100010010
11111001111111001111010100010001
01000111111111111010100011000100
00000000000001100000000111101101
00000000000001100000000111101100
00000000000001100000000111101011
01011111100111001111111111111011
01000101010001001010101111111101
01000101010001001010101111111100
01000101010001001010101111111011
01000101010001001010101111111010
00000100100001111010011010010000
00001000011000100010100101010110
00001000011000100010100101010101
00001000011000100010100101010100
11100010011111001100110101110100
11100010011111001100110101110011
11100010011111001100110101110010
11100010011111001100110101110001
10101110011010010000101101101110
10101110011010010000101101101101
10101110011010010000101101101100
00110011110100011111100110100011
00000100100001111010011010010000
00001000011000100010100101010110
00001000011000100010100101010101
00001000011000100010100101010100
00001000011000100010100101010011
00001000011000100010100101010010
11010000111001111010101011001100
11010000111001111010101011001011