00001101010111010101100101110111
00001101010111010101100101110110
00001101010111010101100101110101
00001101010111010101100101110100
00001101010111010101100101110011
10110010001111011100100100001010
10110010001111011100100100001001
10110010001111011100100100001000
10110010001111011100100100000111
10110010001111011100100100000110
10001101101001001011000000011001
10001101101001001011000000011000
10001101101001001011000000010111
10001101101001001011000000010110
10001101101001001011000000010101
10111101101011000110000101111101
10111101101011000110000101111100
10111101101011000110000101111011
10111101101011000110000101111010
10111101101011000110000101111001
01110011110010101110001011100001
01110011110010101110001011100000
01110011110010101110001011011111
01110011110010101110001011011110
01110011110010101110001011011101
01101011001000110111010010000100
01101011001000110111010010000011
01101011001000110111010010000010
01101011001000110111010010000001
01101011001000110111010010000000
10100011011101000011001110001000
10100011011101000011001110000111
10100011011101000011001110000110
10100011011101000011001110000101
10100011011101000011001110000100
10010111101000111010100000001001
10010111101000111010100000001000
10010111101000111010100000000111
10010111101000111010100000000110
10010111101000111010100000000101
01001101100101001010000110110101
01001101100101001010000110110100
01001101100101001010000110110011
01001101100101001010000110110010
01001101100101001010000110110001
10110010001011100001101001001111
10110010001011100001101001001110
10110010001011100001101001001101
10110010001011100001101001001100
10110010001011100001101001001011
11111101100101100011011100100110
11111101100101100011011100100101
11111101100101100011011100100100
11111101100101100011011100100011
11111101100101100011011100100010
00000011101010110111011111111000
00000011101010110111011111110111
00000011101010110111011111110110
00000011101010110111011111110101
00000011101010110111011111110100
01100000011111110110010101111010
01100000011111110110010101111001
01100000011111110110010101111000
01100000011111110110010101110111
01100000011111110110010101110110
01010100011000101101001001111101
01010100011000101101001001111100
01010100011000101101001001111011
01010100011000101101001001111010
01010100011000101101001001111001
11101111000000001010101000010110
11101111000000001010101000010101
11101111000000001010101000010100
11101111000000001010101000010011
11101111000000001010101000010010
11010100001010001011100000011011
11010100001010001011100000011010
11010100001010001011100000011001
11010100001010001011100000011000
11010100001010001011100000010111
11101100010101100101000011001000
11101100010101100101000011000111
11101100010101100101000011000110
11101100010101100101000011000101
11101100010101100101000011000100
10000001111001000110000001000110
10000001111001000110000001000101
10000001111001000110000001000100
10000001111001000110000001000011
10000001111001000110000001000010
10010010110011111010101011101000
10010010110011111010101011100111
10010010110011111010101011100110
10010010110011111010101011100101
10010010110011111010101011100100
10111010110000000111101100011101
10111010110000000111101100011100
10111010110000000111101100011011
10111010110000000111101100011010
10111010110000000111101100011001
10100011011101000011001110000110
10100011011101000011001110000101
10100011011101000011001110000100
10010111101000111010100000001001
10111101101011000110000101111100
10111101101011000110000101111011
10111101101011000110000101111010
10111101101011000110000101111001
11101100010101100101000011000100
10000001111001000110000001000110
10000001111001000110000001000101
10000001111001000110000001000100
10110010001011100001101001001100
10110010001011100001101001001011
11111101100101100011011100100110
11111101100101100011011100100101
10010010110011111010101011100110
10010010110011111010101011100101
10010010110011111010101011100100
10111010110000000111101100011101
01100000011111110110010101111010
01100000011111110110010101111001
01100000011111110110010101111000
01100000011111110110010101110111
11010100001010001011100000011010
11010100001010001011100000011001
11010100001010001011100000011000
11010100001010001011100000010111
01101011001000110111010010000001
01101011001000110111010010000000
10100011011101000011001110001000
10100011011101000011001110000111
10000001111001000110000001000011
10000001111001000110000001000010
10010010110011111010101011101000
10010010110011111010101011100111
01010100011000101101001001111010
01010100011000101101001001111001
11101111000000001010101000010110
11101111000000001010101000010101
11101100010101100101000011001000
11101100010101100101000011000111
11101100010101100101000011000110
11101100010101100101000011000101
10111010110000000111101100011100
10111010110000000111101100011011
10111010110000000111101100011010
10111010110000000111101100011001
00001101010111010101100101110111
00001101010111010101100101110110
00001101010111010101100101110101
00001101010111010101100101110100
11101111000000001010101000010100
11101111000000001010101000010011
11101111000000001010101000010010
11010100001010001011100000011011
10111101101011000110000101111100
10111101101011000110000101111011
10111101101011000110000101111010
10111101101011000110000101111001
10000001111001000110000001000011
10000001111001000110000001000010
10010010110011111010101011101000
10010010110011111010101011100111
11010100001010001011100000011010
11010100001010001011100000011001
11010100001010001011100000011000
11010100001010001011100000010111
01110011110010101110001011100001
01110011110010101110001011100000
01110011110010101110001011011111
01110011110010101110001011011110
01101011001000110111010010000001
01101011001000110111010010000000
10100011011101000011001110001000
10100011011101000011001110000111
01101011001000110111010010000001
01101011001000110111010010000000
10100011011101000011001110001000
10100011011101000011001110000111
01110011110010101110001011100001
01110011110010101110001011100000
01110011110010101110001011011111
01110011110010101110001011011110
01001101100101001010000110110001
10110010001011100001101001001111
10110010001011100001101001001110
10110010001011100001101001001101
01110011110010101110001011100001
01110011110010101110001011100000
01110011110010101110001011011111
01110011110010101110001011011110
10111010110000000111101100011100
10111010110000000111101100011011
10111010110000000111101100011010
10111010110000000111101100011001
00001101010111010101100101110111
00001101010111010101100101110110
00001101010111010101100101110101
00001101010111010101100101110100
10010010110011111010101011100110
10010010110011111010101011100101
10010010110011111010101011100100
10111010110000000111101100011101
01110011110010101110001011100001
01110011110010101110001011100000
01110011110010101110001011011111
01110011110010101110001011011110
01110011110010101110001011100001
01110011110010101110001011100000
01110011110010101110001011011111
01110011110010101110001011011110
10111101101011000110000101111100
10111101101011000110000101111011
10111101101011000110000101111010
10111101101011000110000101111001
10010010110011111010101011100110
10010010110011111010101011100101
10010010110011111010101011100100
10111010110000000111101100011101
11111101100101100011011100100100
11111101100101100011011100100011
11111101100101100011011100100010
00000011101010110111011111111000
10100011011101000011001110000110
10100011011101000011001110000101
10100011011101000011001110000100
10010111101000111010100000001001
01001101100101001010000110110001
10110010001011100001101001001111
10110010001011100001101001001110
10110010001011100001101001001101
10000001111001000110000001000011
10000001111001000110000001000010
10010010110011111010101011101000
10010010110011111010101011100111
10010010110011111010101011100110
10010010110011111010101011100101
10010010110011111010101011100100
10111010110000000111101100011101
00000011101010110111011111110111
00000011101010110111011111110110
00000011101010110111011111110101
00000011101010110111011111110100
11101111000000001010101000010100
11101111000000001010101000010011
11101111000000001010101000010010
11010100001010001011100000011011
11101100010101100101000011001000
11101100010101100101000011000111
11101100010101100101000011000110
11101100010101100101000011000101
01001101100101001010000110110001
10110010001011100001101001001111
10110010001011100001101001001110
10110010001011100001101001001101
01100000011111110110010101110110
01010100011000101101001001111101
01010100011000101101001001111100
01010100011000101101001001111011
10010010110011111010101011100110
10010010110011111010101011100101
10010010110011111010101011100100
10111010110000000111101100011101
01110011110010101110001011100001
01110011110010101110001011100000
01110011110010101110001011011111
01110011110010101110001011011110
11101111000000001010101000010100
11101111000000001010101000010011
11101111000000001010101000010010
11010100001010001011100000011011
00001101010111010101100101110011
10110010001111011100100100001010
10110010001111011100100100001001
10110010001111011100100100001000
11101100010101100101000011001000
11101100010101100101000011000111
11101100010101100101000011000110
11101100010101100101000011000101
01010100011000101101001001111010
01010100011000101101001001111001
11101111000000001010101000010110
11101111000000001010101000010101
01100000011111110110010101110110
01010100011000101101001001111101
01010100011000101101001001111100
01010100011000101101001001111011
01110011110010101110001011100001
01110011110010101110001011100000
01110011110010101110001011011111
01110011110010101110001011011110
10100011011101000011001110000110
10100011011101000011001110000101
10100011011101000011001110000100
10010111101000111010100000001001
00000011101010110111011111110111
00000011101010110111011111110110
00000011101010110111011111110101
00000011101010110111011111110100
01001101100101001010000110110001
10110010001011100001101001001111
10110010001011100001101001001110
10110010001011100001101001001101
11111101100101100011011100100100
11111101100101100011011100100011
11111101100101100011011100100010
00000011101010110111011111111000
10110010001111011100100100000111
10110010001111011100100100000110
10001101101001001011000000011001
10001101101001001011000000011000
11101100010101100101000011001000
11101100010101100101000011000111
11101100010101100101000011000110
11101100010101100101000011000101
10110010001011100001101001001100
10110010001011100001101001001011
11111101100101100011011100100110
11111101100101100011011100100101
10111101101011000110000101111100
10111101101011000110000101111011
10111101101011000110000101111010
10111101101011000110000101111001
11101100010101100101000011000100
10000001111001000110000001000110
10000001111001000110000001000101
10000001111001000110000001000100
11101100010101100101000011001000
11101100010101100101000011000111
11101100010101100101000011000110
11101100010101100101000011000101
10110010001011100001101001001100
10110010001011100001101001001011
11111101100101100011011100100110
11111101100101100011011100100101
10111101101011000110000101111100
10111101101011000110000101111011
10111101101011000110000101111010
10111101101011000110000101111001
11101100010101100101000011001000
11101100010101100101000011000111
11101100010101100101000011000110
11101100010101100101000011000101
10110010001111011100100100000111
10110010001111011100100100000110
10001101101001001011000000011001
10001101101001001011000000011000
11101100010101100101000011001000
11101100010101100101000011000111
11101100010101100101000011000110
11101100010101100101000011000101
11101100010101100101000011000100
10000001111001000110000001000110
10000001111001000110000001000101
10000001111001000110000001000100
01010100011000101101001001111010
01010100011000101101001001111001
11101111000000001010101000010110
11101111000000001010101000010101
01100000011111110110010101111010
01100000011111110110010101111001
01100000011111110110010101111000
01100000011111110110010101110111
01010100011000101101001001111010
01010100011000101101001001111001
11101111000000001010101000010110
11101111000000001010101000010101
01101011001000110111010010000001
01101011001000110111010010000000
10100011011101000011001110001000
10100011011101000011001110000111
00000011101010110111011111110111
00000011101010110111011111110110
00000011101010110111011111110101
00000011101010110111011111110100
11010100001010001011100000011010
11010100001010001011100000011001
11010100001010001011100000011000
11010100001010001011100000010111
01110011110010101110001011100001
01110011110010101110001011100000
01110011110010101110001011011111
01110011110010101110001011011110
11101100010101100101000011001000
11101100010101100101000011000111
11101100010101100101000011000110
11101100010101100101000011000101
01100000011111110110010101110110
01010100011000101101001001111101
01010100011000101101001001111100
01010100011000101101001001111011
10111010110000000111101100011100
10111010110000000111101100011011
10111010110000000111101100011010
10111010110000000111101100011001
00001101010111010101100101110011
10110010001111011100100100001010
10110010001111011100100100001001
10110010001111011100100100001000
10010010110011111010101011100110
10010010110011111010101011100101
10010010110011111010101011100100
10111010110000000111101100011101
01010100011000101101001001111010
01010100011000101101001001111001
11101111000000001010101000010110
11101111000000001010101000010101
10010111101000111010100000001000
10010111101000111010100000000111
10010111101000111010100000000110
10010111101000111010100000000101
10010010110011111010101011100110
10010010110011111010101011100101
10010010110011111010101011100100
10111010110000000111101100011101
10010010110011111010101011100110
10010010110011111010101011100101
10010010110011111010101011100100
10111010110000000111101100011101
10100011011101000011001110000110
10100011011101000011001110000101
10100011011101000011001110000100
10010111101000111010100000001001
11101111000000001010101000010100
11101111000000001010101000010011
11101111000000001010101000010010
11010100001010001011100000011011
00001101010111010101100101110011
10110010001111011100100100001010
10110010001111011100100100001001
10110010001111011100100100001000
10100011011101000011001110000110
10100011011101000011001110000101
10100011011101000011001110000100
10010111101000111010100000001001
01010100011000101101001001111010
01010100011000101101001001111001
11101111000000001010101000010110
11101111000000001010101000010101
01001101100101001010000110110101
01001101100101001010000110110100
01001101100101001010000110110011
01001101100101001010000110110010
01010100011000101101001001111010
01010100011000101101001001111001
11101111000000001010101000010110
11101111000000001010101000010101
10000001111001000110000001000011
10000001111001000110000001000010
10010010110011111010101011101000
10010010110011111010101011100111
10111010110000000111101100011100
10111010110000000111101100011011
10111010110000000111101100011010
10111010110000000111101100011001
01100000011111110110010101110110
01010100011000101101001001111101
01010100011000101101001001111100
01010100011000101101001001111011
10010111101000111010100000001000
10010111101000111010100000000111
10010111101000111010100000000110
10010111101000111010100000000101
01001101100101001010000110110001
10110010001011100001101001001111
10110010001011100001101001001110
10110010001011100001101001001101
10110010001011100001101001001100
10110010001011100001101001001011
11111101100101100011011100100110
11111101100101100011011100100101
10010111101000111010100000001000
10010111101000111010100000000111
10010111101000111010100000000110
10010111101000111010100000000101
01100000011111110110010101110110
01010100011000101101001001111101
01010100011000101101001001111100
01010100011000101101001001111011
10100011011101000011001110000110
10100011011101000011001110000101
10100011011101000011001110000100
10010111101000111010100000001001
10001101101001001011000000010111
10001101101001001011000000010110
10001101101001001011000000010101
10111101101011000110000101111101
01001101100101001010000110110001
10110010001011100001101001001111
10110010001011100001101001001110
10110010001011100001101001001101
00001101010111010101100101110011
10110010001111011100100100001010
10110010001111011100100100001001
10110010001111011100100100001000
11101100010101100101000011000100
10000001111001000110000001000110
10000001111001000110000001000101
10000001111001000110000001000100